-1.25
-1.1818181818181819
-1.0
-1.0
-0.8333333333333334
-0.8333333333333334
-0.7058823529411765
-0.5
-0.36
-0.35714285714285715
-0.3333333333333333
-0.2413793103448276
-0.23076923076923078
-0.125
-0.1
-0.07692307692307693
-0.03333333333333333
0.0
0.0
0.0
0.14814814814814814
0.2727272727272727
0.2916666666666667
0.36
0.4444444444444444
0.5
0.5384615384615384
0.5714285714285714
0.875
1.0
1.2222222222222223
1.5555555555555556
3.0
4.0
7.0
12.0
Infinity
Infinity
Infinity
-4.75
-4.4
-4.4
-2.3333333333333335
-1.75
-1.3333333333333333
-1.0
-0.9090909090909091
-0.875
-0.5384615384615384
-0.5
-0.47058823529411764
-0.4666666666666667
-0.4166666666666667
-0.3076923076923077
-0.23076923076923078
-0.21428571428571427
-0.2
0.0
0.0
0.0
0.16666666666666666
0.3333333333333333
0.35714285714285715
0.4
0.5384615384615384
0.625
0.8181818181818182
1.2857142857142858
1.3333333333333333
2.0
2.3333333333333335
2.6666666666666665
5.0
7.0
10.0
13.0
Infinity
Infinity
-6.0
-5.25
-2.5714285714285716
-1.4375
-1.3333333333333333
-1.25
-1.0
-0.9545454545454546
-0.9411764705882353
-0.92
-0.875
-0.8571428571428571
-0.8181818181818182
-0.8
-0.76
-0.6923076923076923
-0.6666666666666666
-0.6666666666666666
-0.6190476190476191
-0.5333333333333333
-0.5
-0.3684210526315789
-0.36363636363636365
-0.36
-0.30434782608695654
-0.23076923076923078
-0.19047619047619047
-0.1111111111111111
0.25
0.2857142857142857
0.375
0.5
0.8571428571428571
0.8571428571428571
1.6
3.0
6.5
10.5
Infinity
-12.0
-5.666666666666667
-4.0
-3.6666666666666665
-3.5
-3.2
-3.0
-2.888888888888889
-2.888888888888889
-2.875
-1.5714285714285714
-1.25
-1.0
-0.9333333333333333
-0.9
-0.5789473684210527
-0.5714285714285714
-0.3888888888888889
-0.3333333333333333
-0.26666666666666666
-0.2222222222222222
-0.16666666666666666
-0.125
-0.125
0.0
0.05555555555555555
0.08333333333333333
0.1111111111111111
0.3333333333333333
0.5
1.2222222222222223
1.4
1.8571428571428572
3.2
4.0
4.333333333333333
9.0
Infinity
Infinity
-4.75
-3.25
-3.0
-3.0
-2.875
-2.75
-2.5
-2.4
-2.3333333333333335
-2.25
-2.111111111111111
-1.7142857142857142
-1.5714285714285714
-1.5294117647058822
-1.5
-1.5
-1.3529411764705883
-1.2941176470588236
-1.2307692307692308
-1.2
-1.1875
-0.9090909090909091
-0.7058823529411765
-0.6666666666666666
-0.5384615384615384
-0.5
0.125
0.16666666666666666
0.375
0.4166666666666667
0.8461538461538461
1.0909090909090908
1.2857142857142858
1.6
2.4
2.625
2.7142857142857144
6.0
21.0
-3.75
-3.0
-2.5555555555555554
-2.4285714285714284
-2.090909090909091
-2.0
-1.5
-1.3888888888888888
-1.3888888888888888
-1.3333333333333333
-1.2941176470588236
-1.1
-1.0714285714285714
-1.0
-0.8461538461538461
-0.8333333333333334
-0.76
-0.6363636363636364
-0.625
-0.5862068965517241
-0.5416666666666666
-0.375
-0.36666666666666664
-0.35714285714285715
-0.3333333333333333
-0.23076923076923078
-0.2222222222222222
-0.125
-0.05555555555555555
-0.04
0.07407407407407407
0.09523809523809523
0.1111111111111111
0.4444444444444444
0.6666666666666666
2.0
Infinity
Infinity
Infinity
-3.5
-3.0
-3.0
-2.4
-2.4
-2.25
-2.0
-2.0
-1.5
-1.3076923076923077
-1.25
-1.2
-1.0769230769230769
-1.0
-0.8333333333333334
-0.7777777777777778
-0.6666666666666666
-0.5
-0.25
-0.23076923076923078
-0.14285714285714285
-0.09090909090909091
0.0
0.11764705882352941
0.2
0.2222222222222222
0.5
0.6666666666666666
0.9090909090909091
1.0
1.0
1.0714285714285714
1.875
2.4
2.5
3.0
5.0
Infinity
Infinity
-12.0
-12.0
-4.0
-2.5
-1.8571428571428572
-1.75
-1.75
-1.5714285714285714
-1.5
-1.4444444444444444
-1.4285714285714286
-1.2
-1.1
-1.0
-0.8888888888888888
-0.8333333333333334
-0.6666666666666666
-0.5333333333333333
-0.3157894736842105
-0.14285714285714285
-0.1
0.0
0.0
0.05555555555555555
0.125
0.16666666666666666
0.25
0.29411764705882354
0.5
0.5714285714285714
0.6666666666666666
0.6666666666666666
0.7647058823529411
1.1818181818181819
1.25
2.0
2.6666666666666665
4.0
12.0
-7.0
-4.0
-3.0
-1.75
-1.7142857142857142
-0.9
-0.7368421052631579
-0.5789473684210527
-0.5
-0.5
-0.48
-0.4666666666666667
-0.4444444444444444
-0.39285714285714285
-0.36
-0.35714285714285715
-0.35
-0.25925925925925924
-0.17647058823529413
-0.16666666666666666
0.0
0.0
0.0
0.05555555555555555
0.06666666666666667
0.07692307692307693
0.09090909090909091
0.2
0.20833333333333334
0.3333333333333333
0.35714285714285715
0.375
0.6842105263157895
0.75
0.7647058823529411
1.0909090909090908
1.5
1.5
3.0
-5.0
-3.6666666666666665
-3.4
-3.0
-2.6666666666666665
-2.5
-2.4285714285714284
-1.75
-1.5
-1.3571428571428572
-1.3571428571428572
-1.25
-1.2307692307692308
-1.0
-0.9
-0.8333333333333334
-0.7777777777777778
-0.6190476190476191
-0.5555555555555556
-0.5
-0.44
-0.35
-0.3333333333333333
-0.19230769230769232
-0.16666666666666666
-0.14285714285714285
0.0
0.15
0.23809523809523808
0.3333333333333333
0.34782608695652173
0.35714285714285715
0.47058823529411764
0.75
1.0
1.4
2.0
3.0
Infinity
-2.0
-1.4545454545454546
-0.9
-0.8333333333333334
-0.5555555555555556
-0.5555555555555556
-0.3333333333333333
-0.2777777777777778
-0.2222222222222222
-0.2
-0.17647058823529413
-0.1111111111111111
-0.05555555555555555
0.0
0.0
0.11764705882352941
0.2
0.3333333333333333
0.35714285714285715
0.4
0.5
0.6875
0.8571428571428571
0.9166666666666666
1.0
1.0
1.25
1.4545454545454546
1.5
2.0
2.4
2.4444444444444446
2.5
3.142857142857143
3.5
4.5
21.0
Infinity
Infinity
-4.0
-2.5
-1.6666666666666667
-1.3333333333333333
-1.0
-0.5555555555555556
-0.5555555555555556
-0.3888888888888889
-0.37037037037037035
-0.3333333333333333
-0.3076923076923077
-0.25925925925925924
-0.2222222222222222
-0.21428571428571427
-0.20833333333333334
-0.15789473684210525
-0.11538461538461539
0.0
0.0625
0.14814814814814814
0.24
0.26666666666666666
0.2857142857142857
0.29411764705882354
0.35714285714285715
0.36363636363636365
0.391304347826087
0.5
0.55
0.6666666666666666
0.6923076923076923
0.9444444444444444
1.0625
1.6
2.111111111111111
2.111111111111111
2.3333333333333335
6.5
Infinity
-2.8
-1.75
-1.6666666666666667
-1.3333333333333333
-1.0
-0.4666666666666667
-0.3333333333333333
-0.2916666666666667
-0.26666666666666666
-0.23809523809523808
-0.21739130434782608
-0.16666666666666666
-0.125
-0.09523809523809523
0.0
0.0
0.0
0.15
0.2916666666666667
0.3076923076923077
0.4090909090909091
0.5
0.5714285714285714
0.5833333333333334
0.6
0.7272727272727273
0.8235294117647058
0.875
0.9090909090909091
1.0833333333333333
1.2
1.3333333333333333
1.5384615384615385
1.6666666666666667
2.0
2.7142857142857144
3.6666666666666665
3.6666666666666665
Infinity
-7.0
-5.5
-4.0
-2.8
-2.375
-1.4545454545454546
-1.05
-0.9
-0.875
-0.8
-0.7307692307692307
-0.7241379310344828
-0.6785714285714286
-0.6666666666666666
-0.6206896551724138
-0.6153846153846154
-0.5862068965517241
-0.5555555555555556
-0.5384615384615384
-0.5
-0.44
-0.4117647058823529
-0.375
-0.3157894736842105
-0.25
-0.2413793103448276
-0.21739130434782608
-0.18518518518518517
-0.13333333333333333
-0.08
-0.058823529411764705
0.0
0.3
0.3333333333333333
0.4166666666666667
0.5
0.7272727272727273
0.7272727272727273
6.0
-5.0
-2.0
-1.1333333333333333
-0.9333333333333333
-0.9090909090909091
-0.8
-0.7142857142857143
-0.7083333333333334
-0.6521739130434783
-0.625
-0.5833333333333334
-0.5714285714285714
-0.5416666666666666
-0.46153846153846156
-0.43478260869565216
-0.375
-0.35
-0.25
-0.18181818181818182
-0.14285714285714285
-0.125
-0.05555555555555555
-0.045454545454545456
0.0
0.1
0.2
0.23529411764705882
0.25
0.3333333333333333
0.6666666666666666
0.75
0.7692307692307693
1.2857142857142858
2.0
2.0
2.3333333333333335
5.0
12.0
Infinity
-2.0
-1.6666666666666667
-1.4444444444444444
-1.3333333333333333
-0.8333333333333334
-0.7142857142857143
-0.5714285714285714
-0.5
-0.5
-0.48148148148148145
-0.47058823529411764
-0.4482758620689655
-0.4
-0.37037037037037035
-0.36666666666666664
-0.36363636363636365
-0.27586206896551724
-0.21052631578947367
-0.19230769230769232
-0.07142857142857142
-0.05555555555555555
-0.03333333333333333
0.0
0.0
0.03571428571428571
0.041666666666666664
0.11764705882352941
0.15384615384615385
0.25
0.2608695652173913
0.2777777777777778
0.3333333333333333
0.5714285714285714
0.631578947368421
0.8461538461538461
1.1666666666666667
1.1666666666666667
1.6
6.0
-14.0
-5.666666666666667
-4.75
-4.0
-4.0
-3.75
-1.6
-1.5
-1.25
-1.1428571428571428
-0.7142857142857143
-0.7142857142857143
-0.6666666666666666
-0.5384615384615384
-0.19047619047619047
-0.125
-0.08
0.0
0.1
0.15384615384615385
0.20833333333333334
0.2222222222222222
0.391304347826087
0.4166666666666667
0.4444444444444444
0.6
0.625
0.6666666666666666
0.6666666666666666
0.7391304347826086
1.0
1.0
1.1428571428571428
1.3333333333333333
1.5
3.0
3.2
3.8
Infinity
-7.0
-4.75
-3.0
-3.0
-2.6666666666666665
-2.5
-2.4545454545454546
-2.0
-1.6666666666666667
-1.6666666666666667
-1.6111111111111112
-1.6111111111111112
-1.5294117647058822
-1.5
-1.3571428571428572
-1.3076923076923077
-1.1666666666666667
-1.1538461538461537
-1.0
-0.92
-0.875
-0.875
-0.7241379310344828
-0.7083333333333334
-0.6666666666666666
-0.5384615384615384
-0.5
-0.5
-0.37037037037037035
-0.3333333333333333
-0.2916666666666667
-0.2777777777777778
-0.2
-0.09523809523809523
-0.07407407407407407
0.0
Infinity
Infinity
Infinity
-7.0
-4.0
-4.0
-3.0
-2.5
-2.3333333333333335
-2.0
-1.8
-1.2941176470588236
-1.2941176470588236
-1.1875
-1.1818181818181819
-1.0
-0.9230769230769231
-0.8888888888888888
-0.8333333333333334
-0.6666666666666666
-0.6666666666666666
-0.6363636363636364
-0.5
-0.4666666666666667
-0.43478260869565216
-0.4
-0.27586206896551724
-0.25925925925925924
-0.11538461538461539
0.0
0.0
0.0
0.08333333333333333
0.11764705882352941
0.19230769230769232
0.25
0.5
0.875
1.0
2.5
7.0
Infinity
-3.6666666666666665
-3.0
-3.0
-2.5
-2.5
-2.5
-2.4
-1.75
-1.3333333333333333
-1.1666666666666667
-1.0909090909090908
-1.0
-1.0
-0.9166666666666666
-0.8333333333333334
-0.6923076923076923
-0.6363636363636364
-0.5
-0.4117647058823529
-0.25
-0.05555555555555555
0.0
0.0
0.0
0.2
0.26666666666666666
0.3333333333333333
0.5
0.5833333333333334
0.625
0.6923076923076923
0.8
1.3333333333333333
1.4
1.5
4.333333333333333
7.0
13.0
Infinity
-4.0
-4.0
-2.6666666666666665
-2.5714285714285716
-2.1818181818181817
-2.1666666666666665
-1.75
-1.4444444444444444
-1.4444444444444444
-1.4166666666666667
-1.3529411764705883
-1.2
-1.1428571428571428
-1.0769230769230769
-0.9230769230769231
-0.9166666666666666
-0.8
-0.7272727272727273
-0.6875
-0.6666666666666666
-0.6206896551724138
-0.5833333333333334
-0.5
-0.4
-0.39285714285714285
-0.3076923076923077
-0.25925925925925924
-0.16666666666666666
-0.1111111111111111
-0.08
0.0
0.037037037037037035
0.047619047619047616
0.3333333333333333
0.3333333333333333
1.0
Infinity
Infinity
Infinity
-3.75
-3.0
-2.8
-2.8
-2.75
-2.0
-1.6
-1.3
-1.1538461538461537
-1.0833333333333333
-1.0
-1.0
-0.9230769230769231
-0.8461538461538461
-0.6666666666666666
-0.6666666666666666
-0.5555555555555556
-0.375
-0.18181818181818182
-0.07692307692307693
0.0
0.0
0.06666666666666667
0.09090909090909091
0.14285714285714285
0.3333333333333333
0.35714285714285715
0.4444444444444444
0.7272727272727273
0.8333333333333334
0.9285714285714286
1.0
1.625
2.0
3.0
5.0
6.0
Infinity
Infinity
-3.0
-2.5
-2.0
-0.75
-0.3125
-0.2
-0.13636363636363635
-0.125
-0.125
-0.08
-0.04
0.0
0.0
0.08333333333333333
0.11764705882352941
0.16666666666666666
0.23809523809523808
0.36
0.42857142857142855
0.4782608695652174
0.5789473684210527
0.6666666666666666
0.6666666666666666
0.6923076923076923
0.8333333333333334
0.8888888888888888
1.0
1.0
1.1538461538461537
1.2727272727272727
1.375
1.5
1.5714285714285714
2.0
2.625
3.4285714285714284
3.4285714285714284
12.0
Infinity
-13.5
-6.666666666666667
-5.5
-4.666666666666667
-4.25
-3.8
-3.75
-3.25
-3.2222222222222223
-3.2222222222222223
-2.0
-1.75
-1.4375
-1.1333333333333333
-1.05
-0.7368421052631579
-0.7142857142857143
-0.5555555555555556
-0.5555555555555556
-0.4666666666666667
-0.3125
-0.16666666666666666
-0.1111111111111111
0.0
0.25
0.3333333333333333
0.3333333333333333
0.4444444444444444
0.8333333333333334
0.875
1.5555555555555556
2.0
2.2857142857142856
3.8
5.333333333333333
7.0
10.5
Infinity
Infinity
-12.0
-12.0
-6.666666666666667
-3.125
-2.75
-2.5
-2.4545454545454546
-2.4285714285714284
-2.2
-2.1818181818181817
-2.090909090909091
-2.0
-1.5
-1.2222222222222223
-1.1818181818181819
-1.1428571428571428
-0.2857142857142857
-0.2857142857142857
0.0
0.16666666666666666
0.2857142857142857
0.3333333333333333
0.631578947368421
0.7647058823529411
0.7692307692307693
1.0625
1.5384615384615385
1.5625
1.5714285714285714
2.5
2.6
2.6666666666666665
3.142857142857143
5.0
6.0
7.0
10.0
13.0
Infinity
-6.666666666666667
-4.0
-3.25
-2.2
-2.2
-2.111111111111111
-2.0
-2.0
-1.75
-1.6
-1.3333333333333333
-1.0
-0.9411764705882353
-0.875
-0.875
-0.7142857142857143
-0.6666666666666666
-0.625
-0.5
-0.4
-0.375
-0.36363636363636365
-0.35
-0.15789473684210525
0.0
0.0
0.0
0.11764705882352941
0.2
0.2631578947368421
0.38461538461538464
0.75
0.875
1.5
3.0
4.0
4.5
7.0
14.0
-9.5
-4.333333333333333
-0.1111111111111111
-0.07407407407407407
0.0
0.0
0.0
0.037037037037037035
0.05555555555555555
0.07407407407407407
0.125
0.19230769230769232
0.2631578947368421
0.3333333333333333
0.34782608695652173
0.35714285714285715
0.4444444444444444
0.56
0.5625
0.6666666666666666
0.7391304347826086
0.7647058823529411
0.8
0.9285714285714286
0.95
1.0714285714285714
1.0909090909090908
1.2
1.3076923076923077
1.3888888888888888
1.5
1.5625
1.6666666666666667
2.4
3.0
3.0
5.0
10.5
Infinity
-5.5
-4.0
-3.0
-3.0
-2.6666666666666665
-2.5714285714285716
-2.5714285714285716
-2.5
-2.0
-1.3333333333333333
-1.125
-1.0
-0.9
-0.8571428571428571
-0.75
-0.7272727272727273
-0.6363636363636364
-0.6
-0.5555555555555556
-0.46153846153846156
-0.4
-0.21052631578947367
-0.17647058823529413
-0.14285714285714285
0.0625
0.2727272727272727
0.3076923076923077
0.42857142857142855
0.5555555555555556
0.5625
0.8571428571428571
0.9
1.0
1.1428571428571428
2.0
2.5
4.0
8.0
Infinity
-6.666666666666667
-5.666666666666667
-3.25
-2.5
-2.0
-1.6666666666666667
-1.6666666666666667
-1.6363636363636365
-1.5
-1.5
-1.4166666666666667
-1.3333333333333333
-1.25
-1.2
-1.1818181818181819
-0.6666666666666666
-0.5
-0.4
-0.23076923076923078
-0.125
-0.058823529411764705
0.2
0.25
0.2777777777777778
0.375
0.5
0.6666666666666666
1.0833333333333333
1.1538461538461537
1.2
1.5
2.0
2.3333333333333335
2.5
3.0
5.0
7.0
13.0
Infinity
-5.0
-4.0
-3.6666666666666665
-3.6666666666666665
-2.75
-1.6666666666666667
-1.6666666666666667
-1.6
-1.6
-1.5
-1.5
-1.4285714285714286
-1.2727272727272727
-1.2
-1.0
-1.0
-0.8181818181818182
-0.75
-0.6923076923076923
-0.6666666666666666
-0.6153846153846154
-0.5714285714285714
-0.4
-0.37037037037037035
-0.36
-0.3333333333333333
-0.20833333333333334
-0.2
-0.09523809523809523
0.0
0.0
0.125
0.16666666666666666
0.3333333333333333
0.8333333333333334
1.0
3.0
11.0
Infinity
-4.75
-4.0
-3.6666666666666665
-3.1666666666666665
-3.0
-3.0
-2.5714285714285716
-2.4285714285714284
-2.3333333333333335
-1.5
-1.0
-1.0
-0.7272727272727273
-0.7272727272727273
-0.6666666666666666
-0.5
-0.1111111111111111
0.0
0.2
0.23529411764705882
0.2608695652173913
0.2857142857142857
0.3333333333333333
0.55
0.6666666666666666
0.7777777777777778
0.8235294117647058
0.8888888888888888
0.95
1.0
1.3571428571428572
1.4
1.4545454545454546
2.0
2.3333333333333335
2.5
9.0
10.5
14.0
-4.0
-3.8
-3.2
-2.6666666666666665
-2.5
-2.5
-2.5
-2.3333333333333335
-2.0
-2.0
-1.5454545454545454
-1.3571428571428572
-1.3076923076923077
-1.2727272727272727
-1.1428571428571428
-1.0714285714285714
-1.0
-0.9230769230769231
-0.9
-0.375
-0.36363636363636365
-0.35714285714285715
-0.25
-0.13333333333333333
0.0
0.2
0.25
0.2857142857142857
0.35714285714285715
0.5
0.6923076923076923
1.2
1.2727272727272727
1.3076923076923077
1.6
2.4285714285714284
2.5
2.6666666666666665
3.5
-5.0
-2.375
-1.7142857142857142
-1.6666666666666667
-1.4444444444444444
-1.3333333333333333
-0.75
-0.16666666666666666
-0.09523809523809523
0.0
0.0
0.0
0.047619047619047616
0.08333333333333333
0.09523809523809523
0.16666666666666666
0.25
0.38461538461538464
0.47058823529411764
0.5714285714285714
0.625
0.7368421052631579
0.9
0.9333333333333333
1.0
1.0
1.1818181818181819
1.3333333333333333
1.3571428571428572
1.625
1.875
2.0
2.0833333333333335
2.4
2.4285714285714284
2.5
6.0
9.0
9.0
-4.666666666666667
-3.6666666666666665
-3.6666666666666665
-3.0
-2.8
-2.6666666666666665
-2.2
-2.1666666666666665
-2.0
-1.8
-1.0833333333333333
-1.0833333333333333
-0.9090909090909091
-0.6666666666666666
-0.375
-0.3684210526315789
-0.3333333333333333
-0.21739130434782608
-0.14285714285714285
-0.05555555555555555
0.0
0.041666666666666664
0.09090909090909091
0.14285714285714285
0.2
0.25
0.2857142857142857
0.3333333333333333
0.5
0.5789473684210527
0.6666666666666666
0.9166666666666666
0.9333333333333333
1.0
1.2857142857142858
1.5
4.333333333333333
4.5
5.333333333333333
-4.166666666666667
-3.6666666666666665
-3.6666666666666665
-3.4
-3.125
-3.0
-3.0
-2.6666666666666665
-2.5555555555555554
-2.5
-1.6
-1.5714285714285714
-1.4444444444444444
-0.2222222222222222
-0.2222222222222222
0.0
0.125
0.25
0.3
0.5714285714285714
0.6666666666666666
0.6842105263157895
0.9444444444444444
1.3333333333333333
1.375
1.3888888888888888
1.6
1.8571428571428572
2.0833333333333335
2.3333333333333335
2.4444444444444446
2.5
3.0
4.333333333333333
5.0
8.0
12.0
Infinity
Infinity
-5.666666666666667
-3.1666666666666665
-3.125
-2.8
-2.6666666666666665
-2.5
-2.0
-1.6363636363636365
-1.588235294117647
-1.588235294117647
-1.5
-1.5
-1.4444444444444444
-1.3076923076923077
-1.25
-1.0909090909090908
-1.0833333333333333
-0.9
-0.875
-0.8
-0.7142857142857143
-0.6785714285714286
-0.6521739130434783
-0.4482758620689655
-0.4444444444444444
-0.4166666666666667
-0.3076923076923077
-0.21739130434782608
-0.17647058823529413
-0.125
-0.125
0.0
0.0
0.0
0.25
1.0
2.0
12.0
Infinity
-7.5
-7.5
-2.3333333333333335
-2.0
-1.5714285714285714
-1.0
-0.9230769230769231
-0.875
-0.875
-0.8
-0.6923076923076923
-0.6875
-0.625
-0.6
-0.5384615384615384
-0.4666666666666667
-0.375
-0.3333333333333333
-0.07142857142857142
0.0
0.0
0.0
0.14285714285714285
0.16666666666666666
0.2
0.3333333333333333
0.36363636363636365
0.4166666666666667
0.7777777777777778
0.875
1.0
1.0
1.0909090909090908
1.5
1.8571428571428572
2.4
2.5
2.6
4.5
-9.0
-8.0
-6.5
-6.0
-1.5714285714285714
-1.5
-1.2222222222222223
-1.0
-1.0
-0.8125
-0.8125
-0.6666666666666666
-0.4
-0.30434782608695654
-0.25
-0.18518518518518517
-0.09090909090909091
-0.045454545454545456
0.0
0.03571428571428571
0.07692307692307693
0.09090909090909091
0.125
0.14285714285714285
0.2
0.24
0.4090909090909091
0.4782608695652174
0.5555555555555556
0.56
0.6875
0.7368421052631579
0.8181818181818182
1.5
1.8571428571428572
2.2857142857142856
3.0
11.0
14.0
-8.0
-4.75
-4.666666666666667
-4.166666666666667
-3.125
-2.0
-1.8571428571428572
-1.8
-1.8
-1.7142857142857142
-1.5454545454545454
-1.5
-1.3333333333333333
-1.3
-1.125
-1.0
-0.9545454545454546
-0.9230769230769231
-0.7307692307692307
-0.7142857142857143
-0.6666666666666666
-0.5
-0.48148148148148145
-0.48
-0.3333333333333333
-0.23809523809523808
-0.2
-0.16666666666666666
-0.13636363636363635
0.0
0.0
0.0
0.3333333333333333
0.3333333333333333
0.6666666666666666
2.5
4.0
14.0
Infinity
-7.5
-4.4
-3.2222222222222223
-3.0
-2.888888888888889
-2.8
-2.5714285714285716
-2.5
-2.5
-2.4
-2.2
-1.8
-1.75
-1.6111111111111112
-1.6
-1.588235294117647
-1.5
-1.4444444444444444
-1.3888888888888888
-1.3571428571428572
-1.2941176470588236
-1.0833333333333333
-0.8333333333333334
-0.8125
-0.7272727272727273
-0.7142857142857143
-0.2857142857142857
-0.2222222222222222
0.7272727272727273
0.8571428571428571
1.1666666666666667
1.5
2.0
2.111111111111111
3.0
3.4285714285714284
3.6666666666666665
9.0
Infinity
-7.5
-4.4
-3.2222222222222223
-3.0
-2.888888888888889
-2.8
-2.5714285714285716
-2.5
-2.5
-2.4
-2.2
-1.8
-1.75
-1.6111111111111112
-1.6
-1.588235294117647
-1.5
-1.4444444444444444
-1.3888888888888888
-1.3571428571428572
-1.2941176470588236
-1.0833333333333333
-0.8333333333333334
-0.8125
-0.7272727272727273
-0.7142857142857143
-0.2857142857142857
-0.2222222222222222
0.7272727272727273
0.8571428571428571
1.1666666666666667
1.5
2.0
2.111111111111111
3.0
3.4285714285714284
3.6666666666666665
9.0
Infinity
